"sunspots" <-
structure(c(58, 62.6, 70, 55.7, 85, 83.5, 94.8, 66.3, 75.9, 75.5, 
158.6, 85.2, 73.3, 75.9, 89.2, 88.3, 90, 100, 85.4, 103, 91.2, 
65.7, 63.3, 75.4, 70, 43.5, 45.3, 56.4, 60.7, 50.7, 66.3, 59.8, 
23.5, 23.2, 28.5, 44, 35, 50, 71, 59.3, 59.7, 39.6, 78.4, 29.3, 
27.1, 46.6, 37.6, 40, 44, 32, 45.7, 38, 36, 31.7, 22.2, 39, 28, 
25, 20, 6.7, 0, 3, 1.7, 13.7, 20.7, 26.7, 18.8, 12.3, 8.2, 24.1, 
13.2, 4.2, 10.2, 11.2, 6.8, 6.5, 0, 0, 8.6, 3.2, 17.8, 23.7, 
6.8, 20, 12.5, 7.1, 5.4, 9.4, 12.5, 12.9, 3.6, 6.4, 11.8, 14.3, 
17, 9.4, 14.1, 21.2, 26.2, 30, 38.1, 12.8, 25, 51.3, 39.7, 32.5, 
64.7, 33.5, 37.6, 52, 49, 72.3, 46.4, 45, 44, 38.7, 62.5, 37.7, 
43, 43, 48.3, 44, 46.8, 47, 49, 50, 51, 71.3, 77.2, 59.7, 46.3, 
57, 67.3, 59.5, 74.7, 58.3, 72, 48.3, 66, 75.6, 61.3, 50.6, 59.7, 
61, 70, 91, 80.7, 71.7, 107.2, 99.3, 94.1, 91.1, 100.7, 88.7, 
89.7, 46, 43.8, 72.8, 45.7, 60.2, 39.9, 77.1, 33.8, 67.7, 68.5, 
69.3, 77.8, 77.2, 56.5, 31.9, 34.2, 32.9, 32.7, 35.8, 54.2, 26.5, 
68.1, 46.3, 60.9, 61.4, 59.7, 59.7, 40.2, 34.4, 44.3, 30, 30, 
30, 28.2, 28, 26, 25.7, 24, 26, 25, 22, 20.2, 20, 27, 29.7, 16, 
14, 14, 13, 12, 11, 36.6, 6, 26.8, 3, 3.3, 4, 4.3, 5, 5.7, 19.2, 
27.4, 30, 43, 32.9, 29.8, 33.3, 21.9, 40.8, 42.7, 44.1, 54.7, 
53.3, 53.5, 66.1, 46.3, 42.7, 77.7, 77.4, 52.6, 66.8, 74.8, 77.8, 
90.6, 111.8, 73.9, 64.2, 64.3, 96.7, 73.6, 94.4, 118.6, 120.3, 
148.8, 158.2, 148.1, 112, 104, 142.5, 80.1, 51, 70.1, 83.3, 109.8, 
126.3, 104.4, 103.6, 132.2, 102.3, 36, 46.2, 46.7, 64.9, 152.7, 
119.5, 67.7, 58.5, 101.4, 90, 99.7, 95.7, 100.9, 90.8, 31.1, 
92.2, 38, 57, 77.3, 56.2, 50.5, 78.6, 61.3, 64, 54.6, 29, 51.2, 
32.9, 41.1, 28.4, 27.7, 12.7, 29.3, 26.3, 40.9, 43.2, 46.8, 65.4, 
55.7, 43.8, 51.3, 28.5, 17.5, 6.6, 7.9, 14, 17.7, 12.2, 4.4, 
0, 11.6, 11.2, 3.9, 12.3, 1, 7.9, 3.2, 5.6, 15.1, 7.9, 21.7, 
11.6, 6.3, 21.8, 11.2, 19, 1, 24.2, 16, 30, 35, 40, 45, 36.5, 
39, 95.5, 80.3, 80.7, 95, 112, 116.2, 106.5, 146, 157.3, 177.3, 
109.3, 134, 145, 238.9, 171.6, 153, 140, 171.7, 156.3, 150.3, 
105, 114.7, 165.7, 118, 145, 140, 113.7, 143, 112, 111, 124, 
114, 110, 70, 98, 98, 95, 107.2, 88, 86, 86, 93.7, 77, 60, 58.7, 
98.7, 74.7, 53, 68.3, 104.7, 97.7, 73.5, 66, 51, 27.3, 67, 35.2, 
54, 37.5, 37, 41, 54.3, 38, 37, 44, 34, 23.2, 31.5, 30, 28, 38.7, 
26.7, 28.3, 23, 25.2, 32.2, 20, 18, 8, 15, 10.5, 13, 8, 11, 10, 
6, 9, 6, 10, 10, 8, 17, 14, 6.5, 8, 9, 15.7, 20.7, 26.3, 36.3, 
20, 32, 47.2, 40.2, 27.3, 37.2, 47.6, 47.7, 85.4, 92.3, 59, 83, 
89.7, 111.5, 112.3, 116, 112.7, 134.7, 106, 87.4, 127.2, 134.8, 
99.2, 128, 137.2, 157.3, 157, 141.5, 174, 138, 129.2, 143.3, 
108.5, 113, 154.2, 141.5, 136, 141, 142, 94.7, 129.5, 114, 125.3, 
120, 123.3, 123.5, 120, 117, 103, 112, 89.7, 134, 135.5, 103, 
127.5, 96.3, 94, 93, 91, 69.3, 87, 77.3, 84.3, 82, 74, 72.7, 
62, 74, 77.2, 73.7, 64.2, 71, 43, 66.5, 61.7, 67, 66, 58, 64, 
63, 75.7, 62, 61, 45.8, 60, 59, 59, 57, 56, 56, 55, 55.5, 53, 
52.3, 51, 50, 29.3, 24, 47, 44, 45.7, 45, 44, 38, 28.4, 55.7, 
41.5, 41, 40, 11.1, 28.5, 67.4, 51.4, 21.4, 39.9, 12.6, 18.6, 
31, 17.1, 12.9, 25.7, 13.5, 19.5, 25, 18, 22, 23.8, 15.7, 31.7, 
21, 6.7, 26.9, 1.5, 18.4, 11, 8.4, 5.1, 14.4, 4.2, 4, 4, 7.3, 
11.1, 4.3, 6, 5.7, 6.9, 5.8, 3, 2, 4, 12.4, 1.1, 0, 0, 0, 3, 
2.4, 1.5, 12.5, 9.9, 1.6, 12.6, 21.7, 8.4, 8.2, 10.6, 2.1, 0, 
0, 4.6, 2.7, 8.6, 6.9, 9.3, 13.9, 0, 5, 23.7, 21, 19.5, 11.5, 
12.3, 10.5, 40.1, 27, 29, 30, 31, 32, 31.2, 35, 38.7, 33.5, 32.6, 
39.8, 48.2, 47.8, 47, 40.8, 42, 44, 46, 48, 50, 51.8, 38.5, 34.5, 
50, 50, 50.8, 29.5, 25, 44.3, 36, 48.3, 34.1, 45.3, 54.3, 51, 
48, 45.3, 48.3, 48, 50.6, 33.4, 34.8, 29.8, 43.1, 53, 62.3, 61, 
60, 61, 44.1, 51.4, 37.5, 39, 40.5, 37.6, 42.7, 44.4, 29.4, 41, 
38.3, 39, 29.6, 32.7, 27.7, 26.4, 25.6, 30, 26.3, 24, 27, 25, 
24, 12, 12.2, 9.6, 23.8, 10, 12, 12.7, 12, 5.7, 8, 2.6, 0, 0, 
4.5, 0, 12.3, 13.5, 13.5, 6.7, 8, 11.7, 4.7, 10.5, 12.3, 7.2, 
9.2, 0.9, 2.5, 2, 7.7, 0.3, 0.2, 0.4, 0, 0, 0, 0, 0, 0, 0, 0, 
0, 0, 0, 0, 0, 0, 0, 0, 0, 0, 0, 0, 0, 6.6, 0, 2.4, 6.1, 0.8, 
1.1, 11.3, 1.9, 0.7, 0, 1, 1.3, 0.5, 15.6, 5.2, 3.9, 7.9, 10.1, 
0, 10.3, 1.9, 16.6, 5.5, 11.2, 18.3, 8.4, 15.3, 27.8, 16.7, 14.3, 
22.2, 12, 5.7, 23.8, 5.8, 14.9, 18.5, 2.3, 8.1, 19.3, 14.5, 20.1, 
19.2, 32.2, 26.2, 31.6, 9.8, 55.9, 35.5, 47.2, 31.5, 33.5, 37.2, 
65, 26.3, 68.8, 73.7, 58.8, 44.3, 43.6, 38.8, 23.2, 47.8, 56.4, 
38.1, 29.9, 36.4, 57.9, 96.2, 26.4, 21.2, 40, 50, 45, 36.7, 25.6, 
28.9, 28.4, 34.9, 22.4, 25.4, 34.5, 53.1, 36.4, 28, 31.5, 26.1, 
31.7, 10.9, 25.8, 32.5, 20.7, 3.7, 20.2, 19.6, 35, 31.4, 26.1, 
14.9, 27.5, 25.1, 30.6, 19.2, 26.6, 4.5, 19.4, 29.3, 10.8, 20.6, 
25.9, 5.2, 9, 7.9, 9.7, 21.5, 4.3, 5.7, 9.2, 1.7, 1.8, 2.5, 4.8, 
4.4, 18.8, 4.4, 0, 0, 0.9, 16.1, 13.5, 1.5, 5.6, 7.9, 2.1, 0, 
0.4, 0, 0, 0, 0, 0.6, 0, 0, 0, 0.5, 0, 0, 0, 0, 20.4, 21.6, 10.8, 
0, 19.4, 2.8, 0, 0, 1.4, 20.5, 25.2, 0, 0.8, 5, 15.5, 22.4, 3.8, 
15.4, 15.4, 30.9, 25.4, 15.7, 15.6, 11.7, 22, 17.7, 18.2, 36.7, 
24, 32.4, 37.1, 52.5, 39.6, 18.9, 50.6, 39.5, 68.1, 34.6, 47.4, 
57.8, 46, 56.3, 56.7, 42.9, 53.7, 49.6, 57.2, 48.2, 46.1, 52.8, 
64.4, 65, 61.1, 89.1, 98, 54.3, 76.4, 50.4, 54.7, 57, 46.6, 43, 
49.4, 72.3, 95, 67.5, 73.9, 90.8, 78.3, 52.8, 57.2, 67.6, 56.5, 
52.2, 72.1, 84.6, 107.1, 66.3, 65.1, 43.9, 50.7, 62.1, 84.4, 
81.2, 82.1, 47.5, 50.1, 93.4, 54.6, 38.1, 33.4, 45.2, 54.9, 37.9, 
46.2, 43.5, 28.9, 30.9, 55.5, 55.1, 26.9, 41.3, 26.7, 13.9, 8.9, 
8.2, 21.1, 14.3, 27.5, 11.3, 14.9, 11.8, 2.8, 12.9, 1, 7, 5.7, 
11.6, 7.5, 5.9, 9.9, 4.9, 18.1, 3.9, 1.4, 8.8, 7.8, 8.7, 4, 11.5, 
24.8, 30.5, 34.5, 7.5, 24.5, 19.7, 61.5, 43.6, 33.2, 59.8, 59, 
100.8, 95.2, 100, 77.5, 88.6, 107.6, 98.1, 142.9, 111.4, 124.7, 
116.7, 107.8, 95.1, 137.4, 120.9, 206.2, 188, 175.6, 134.6, 138.2, 
111.3, 158, 162.8, 134, 96.3, 123.7, 107, 129.8, 144.9, 84.8, 
140.8, 126.6, 137.6, 94.5, 108.2, 78.8, 73.6, 90.8, 77.4, 79.8, 
107.6, 102.5, 77.7, 61.8, 53.8, 54.6, 84.7, 131.2, 132.7, 90.8, 
68.8, 63.6, 81.2, 87.7, 55.5, 65.9, 69.2, 48.5, 60.7, 57.8, 74, 
49.8, 54.3, 53.7, 24, 29.9, 29.7, 42.6, 67.4, 55.7, 30.8, 39.3, 
35.1, 28.5, 19.8, 38.8, 20.4, 22.1, 21.7, 26.9, 24.9, 20.5, 12.6, 
26.5, 18.5, 38.1, 40.5, 17.6, 13.3, 3.5, 8.3, 8.8, 21.1, 10.5, 
9.5, 11.8, 4.2, 5.3, 19.1, 12.7, 9.4, 14.7, 13.6, 20.8, 12, 3.7, 
21.2, 23.9, 6.9, 21.5, 10.7, 21.6, 25.7, 43.6, 43.3, 56.9, 47.8, 
31.1, 30.6, 32.3, 29.6, 40.7, 39.4, 59.7, 38.7, 51, 63.9, 69.2, 
59.9, 65.1, 46.5, 54.8, 107.1, 55.9, 60.4, 65.5, 62.6, 44.9, 
85.7, 44.7, 75.4, 85.3, 52.2, 140.6, 161.2, 180.4, 138.9, 109.6, 
159.1, 111.8, 108.9, 107.1, 102.2, 123.8, 139.2, 132.5, 100.3, 
132.4, 114.6, 159.9, 156.7, 131.7, 96.5, 102.5, 80.6, 81.2, 78, 
61.3, 93.7, 71.5, 99.7, 97, 78, 89.4, 82.6, 44.1, 61.6, 70, 39.1, 
61.6, 86.2, 71, 54.8, 60, 75.5, 105.4, 64.6, 56.5, 62.6, 63.2, 
36.1, 57.4, 67.9, 62.5, 50.9, 71.4, 68.4, 67.5, 61.2, 65.4, 54.9, 
46.9, 42, 39.7, 37.5, 67.3, 54.3, 45.4, 41.1, 42.9, 37.7, 47.6, 
34.7, 40, 45.9, 50.4, 33.5, 42.3, 28.8, 23.4, 15.4, 20, 20.7, 
26.4, 24, 21.1, 18.7, 15.8, 22.4, 12.7, 28.2, 21.4, 12.3, 11.4, 
17.4, 4.4, 9.1, 5.3, 0.4, 3.1, 0, 9.7, 4.3, 3.1, 0.5, 4.9, 0.4, 
6.5, 0, 5, 4.6, 5.9, 4.4, 4.5, 7.7, 7.2, 13.7, 7.4, 5.2, 11.1, 
29.2, 16, 22.2, 16.9, 42.4, 40.6, 31.4, 37.2, 39, 34.9, 57.5, 
38.3, 41.4, 44.5, 56.7, 55.3, 80.1, 91.2, 51.9, 66.9, 83.7, 87.6, 
90.3, 85.7, 91, 87.1, 95.2, 106.8, 105.8, 114.6, 97.2, 81, 81.5, 
88, 98.9, 71.4, 107.1, 108.6, 116.7, 100.3, 92.2, 90.1, 97.9, 
95.6, 62.3, 77.8, 101, 98.5, 56.8, 87.8, 78, 82.5, 79.9, 67.2, 
53.7, 80.5, 63.1, 64.5, 43.6, 53.7, 64.4, 84, 73.4, 62.5, 66.6, 
42, 50.6, 40.9, 48.3, 56.7, 66.4, 40.6, 53.8, 40.8, 32.7, 48.1, 
22, 39.9, 37.7, 41.2, 57.7, 47.1, 66.3, 35.8, 40.6, 57.8, 54.7, 
54.8, 28.5, 33.9, 57.6, 28.6, 48.7, 39.3, 39.5, 29.4, 34.5, 33.6, 
26.8, 37.8, 21.6, 17.1, 24.6, 12.8, 31.6, 38.4, 24.6, 17.6, 12.9, 
16.5, 9.3, 12.7, 7.3, 14.1, 9, 1.5, 0, 0.7, 9.2, 5.1, 2.9, 1.5, 
5, 4.9, 9.8, 13.5, 9.3, 25.2, 15.6, 15.8, 26.5, 36.6, 26.7, 31.1, 
28.6, 34.4, 43.8, 61.7, 59.1, 67.6, 60.9, 59.3, 52.7, 41, 104, 
