"euro" <-
structure(c(13.7603, 40.3399, 1.95583, 166.386, 5.94573, 6.55957, 
0.787564, 1936.27, 40.3399, 2.20371, 200.482), .Names = c("ATS", 
"BEF", "DEM", "ESP", "FIM", "FRF", "IEP", "ITL", "LUF", "NLG", 
"PTE"))

"euro.cross" <-
structure(c(1, 0.3411089, 7.03553, 0.08270107, 2.314316, 2.097744, 
17.47198, 0.007106602, 0.3411089, 6.244152, 0.06863609, 2.931615, 
1, 20.62546, 0.2424477, 6.784684, 6.149778, 51.22111, 0.02083382, 
1, 18.30545, 0.2012146, 0.1421357, 0.04848376, 1, 0.01175478, 
0.328947, 0.2981644, 2.483392, 0.001010102, 0.04848376, 0.887517, 
0.009755639, 12.09174, 4.124601, 85.07181, 1, 27.98412, 25.36538, 
211.2666, 0.0859312, 4.124601, 75.50268, 0.8299299, 0.4320931, 
0.1473908, 3.040003, 0.03573456, 1, 0.9064207, 7.54952, 0.003070713, 
0.1473908, 2.698055, 0.02965718, 0.4767025, 0.1626075, 3.353855, 
0.03942381, 1.103240, 1, 8.328936, 0.003387735, 0.1626075, 2.976603, 
0.032719, 0.05723451, 0.0195232, 0.4026751, 0.004733355, 0.1324588, 
0.1200634, 1, 0.0004067429, 0.0195232, 0.3573810, 0.003928353, 
140.7142, 47.99888, 989.9991, 11.63722, 325.6572, 295.1825, 2458.556, 
1, 47.99888, 878.641, 9.658074, 2.931615, 1, 20.62546, 0.2424477, 
6.784684, 6.149778, 51.22111, 0.02083382, 1, 18.30545, 0.2012146, 
0.1601499, 0.05462854, 1.126739, 0.01324456, 0.3706374, 0.3359534, 
2.798135, 0.001138121, 0.05462854, 1, 0.01099206, 14.56960, 4.969819, 
102.5048, 1.204921, 33.71865, 30.56328, 254.5596, 0.1035403, 
4.969819, 90.97477, 1), .Dim = c(11, 11), .Dimnames = list(c("ATS", 
"BEF", "DEM", "ESP", "FIM", "FRF", "IEP", "ITL", "LUF", "NLG", 
"PTE"), c("ATS", "BEF", "DEM", "ESP", "FIM", "FRF", "IEP", "ITL", 
"LUF", "NLG", "PTE")))
