"quakes" <-
structure(list(long = c(-20.42, -20.62, -26, -17.97, -20.42, -19.68, -11.7, 
-28.11, -28.74, -17.47, -21.44, -12.26, -18.54, -21, -20.7, -15.94, -13.64, 
-17.83, -23.5, -22.63, -20.84, -10.98, -23.3, -30.2, -19.66, -17.94, -14.72, 
-16.46, -20.97, -19.84, -22.58, -16.32, -15.55, -23.55, -16.3, -25.82, 
-18.73, -17.64, -17.66, -18.82, -37.37, -15.31, -24.97, -15.49, -19.23, 
-30.1, -26.4, -11.77, -24.12, -18.97, -18.75, -19.26, -22.75, -21.37, -20.1, 
-19.85, -22.7, -22.06, -17.8, -24.2, -20.69, -21.16, -13.82, -11.49, -20.68, 
-17.1, -20.14, -21.96, -20.42, -15.46, -15.31, -19.86, -11.55, -23.74, 
-17.7, -23.54, -19.21, -12.11, -21.81, -28.98, -34.02, -23.84, -19.57, 
-20.12, -17.7, -19.66, -21.5, -23.64, -15.43, -15.41, -15.48, -13.36, -20.64, 
-19.72, -15.44, -19.73, -27.24, -18.16, -13.66, -24.57, -16.98, -26.2, 
-21.88, -33, -21.33, -19.44, -34.89, -20.24, -22.55, -36.95, -15.75, -16.85, 
-19.06, -26.11, -26.2, -26.13, -13.66, -13.47, -14.6, -18.96, -14.65, -19.9, 
-22.05, -19.22, -31.24, -17.93, -19.3, -26.53, -27.72, -19.19, -17.43, 
-17.05, -19.52, -23.71, -21.3, -16.24, -16.14, -23.95, -25.2, -18.84, -12.66, 
-20.65, -13.23, -29.91, -14.31, -20.1, -17.8, -21.27, -23.58, -17.9, -23.34, 
-15.56, -23.83, -11.8, -15.54, -20.65, -11.75, -24.81, -20.9, -11.34, -17.98, 
-24.34, -13.86, -35.56, -35.48, -34.2, -26, -19.89, -23.43, -18.89, -17.82, 
-25.68, -20.2, -15.2, -15.03, -32.22, -22.64, -17.42, -17.84, -15.02, -18.04, 
-24.6, -19.88, -20.3, -20.45, -17.67, -22.3, -19.85, -24.27, -15.85, -20.02, 
-18.56, -17.87, -24.08, -32.2, -20.36, -23.85, -24, -20.41, -17.72, -19.67, 
-17.7, -16.23, -26.72, -12.95, -21.97, -21.96, -20.32, -30.28, -20.2, -30.66, 
-16.17, -28.25, -20.47, -23.55, -20.94, -26.67, -18.13, -20.21, -18.31, 
-16.52, -22.36, -22.43, -20.37, -23.77, -13.65, -21.55, -16.24, -23.73, 
-22.34, -19.4, -24.64, -16, -19.62, -23.84, -23.54, -28.23, -21.68, -13.44, 
-24.96, -20.08, -24.36, -14.7, -18.2, -16.65, -18.11, -17.95, -15.5, -23.36, 
-19.15, -10.97, -14.85, -17.8, -22.5, -29.1, -20.32, -16.09, -19.18, -23.81, 
-23.79, -19.02, -20.9, -19.06, -17.88, -19.41, -26.17, -14.95, -18.73, 
-20.21, -21.29, -19.76, -22.09, -23.8, -20.16, -22.13, -17.44, -23.33, 
-24.78, -22, -19.13, -30.72, -22.32, -16.45, -17.7, -17.95, -24.4, -19.3, 
-21.13, -18.07, -20.6, -18.48, -13.34, -20.92, -25.31, -15.24, -16.4, -24.57, 
-17.94, -30.64, -18.64, -13.09, -19.68, -16.44, -21.09, -14.99, -23.3, 
-17.68, -22, -21.38, -32.62, -13.05, -12.93, -18.6, -21.34, -21.48, -17.4, 
-17.32, -18.77, -26.16, -12.59, -14.82, -21.79, -19.83, -29.5, -12.49, 
-26.1, -21.04, -10.78, -20.76, -11.41, -19.1, -23.91, -27.33, -12.25, -23.49, 
-27.18, -25.8, -27.19, -27.27, -27.1, -27.22, -27.38, -27.27, -27.54, -27.2, 
-27.71, -27.6, -27.38, -21.54, -27.21, -28.96, -12.01, -17.46, -30.17, 
-27.27, -17.79, -22.19, -17.1, -27.18, -11.64, -17.98, -16.9, -21.98, -32.14, 
-18.8, -26.78, -20.43, -18.3, -15.83, -23.44, -23.73, -19.89, -17.59, -19.77, 
-20.31, -15.33, -18.2, -15.36, -15.29, -15.36, -16.24, -13.47, -25.5, -14.32, 
-20.04, -28.83, -17.82, -27.23, -10.72, -27, -20.36, -27.17, -20.94, -17.46, 
-21.04, -23.7, -17.72, -15.87, -17.84, -13.45, -30.8, -11.63, -30.4, -26.18, 
-15.7, -17.95, -20.51, -15.36, -23.61, -33.2, -17.68, -22.24, -20.07, -25.04, 
-21.5, -14.28, -14.43, -32.7, -34.1, -19.7, -24.19, -26.6, -17.04, -22.1, 
-32.6, -33, -20.58, -20.61, -19.47, -17.47, -18.4, -23.33, -18.55, -26.16, 
-21.8, -27.63, -18.89, -20.3, -20.56, -16.1, -12.66, -21.05, -17.97, -19.83, 
-22.55, -22.28, -15.72, -20.85, -21.11, -25.31, -26.46, -24.09, -16.96, 
-23.19, -20.81, -15.03, -18.06, -19, -23.53, -18.18, -15.66, -18, -18.08, 
-18.05, -29.9, -20.9, -15.61, -16.03, -17.68, -31.94, -19.14, -18, -16.95, 
-10.79, -20.83, -32.9, -37.93, -29.09, -23.56, -19.6, -21.39, -14.85, -22.7, 
-32.42, -17.9, -23.58, -34.4, -17.61, -21.07, -13.84, -30.24, -18.49, -23.45, 
-16.04, -17.14, -22.54, -15.9, -30.04, -24.03, -18.89, -16.51, -20.1, -21.06, 
-13.07, -23.46, -19.41, -11.81, -11.76, -12.08, -25.59, -26.54, -20.9, 
-16.99, -23.46, -17.81, -15.17, -11.67, -20.75, -19.5, -26.18, -20.66, 
-19.22, -24.68, -15.43, -32.45, -21.31, -15.44, -13.26, -15.26, -33.57, 
-15.77, -15.79, -21, -16.28, -23.28, -16.1, -17.7, -15.96, -15.95, -17.56, 
-15.9, -15.29, -15.86, -16.2, -15.71, -16.45, -11.54, -19.61, -15.61, -21.16, 
-20.65, -20.33, -15.08, -23.28, -23.44, -23.12, -23.65, -22.91, -22.06, 
-13.56, -17.99, -23.92, -30.69, -21.92, -25.04, -19.92, -27.75, -17.71, 
-19.6, -34.68, -14.46, -18.85, -17.02, -20.41, -18.18, -16.49, -17.74, 
-20.49, -18.51, -27.28, -15.9, -20.57, -11.25, -20.04, -20.89, -16.62, 
-20.09, -24.96, -20.95, -23.31, -20.95, -21.58, -13.62, -12.72, -21.79, 
-20.48, -12.84, -17.02, -23.89, -23.07, -27.98, -28.1, -21.24, -21.24, 
-19.89, -32.82, -22, -21.57, -24.5, -33.03, -30.09, -22.75, -17.99, -19.6, 
-15.65, -17.78, -22.04, -20.06, -18.07, -12.85, -33.29, -34.63, -24.18, 
-23.78, -22.37, -23.97, -34.12, -25.25, -22.87, -18.48, -21.46, -28.56, 
-28.56, -21.3, -20.08, -18.82, -19.51, -12.05, -17.4, -23.93, -21.23, -16.23, 
-28.15, -20.81, -20.72, -23.29, -38.46, -15.48, -37.03, -20.48, -18.12, 
-18.17, -11.4, -23.1, -14.28, -22.87, -17.59, -27.6, -17.94, -17.88, -30.01, 
-19.19, -18.14, -23.46, -18.44, -18.21, -18.26, -15.85, -23.82, -18.6, 
-17.8, -10.78, -18.12, -19.34, -15.34, -24.97, -15.97, -23.47, -23.11, 
-20.54, -18.92, -20.16, -25.48, -18.19, -15.35, -18.69, -18.89, -17.61, 
-20.93, -17.6, -17.96, -18.8, -20.61, -20.74, -25.23, -23.9, -18.07, -15.43, 
-14.3, -18.04, -13.9, -17.64, -17.98, -25, -19.45, -16.11, -23.73, -17.74, 
-21.56, -20.97, -15.45, -15.93, -21.47, -21.44, -22.16, -13.36, -21.22, 
-26.1, -18.35, -17.2, -22.42, -17.91, -26.53, -26.5, -16.31, -18.76, -17.1, 
-19.28, -23.5, -21.26, -17.97, -26.02, -30.3, -24.89, -14.57, -15.4, -22.06, 
-25.14, -20.3, -25.28, -20.63, -19.02, -22.1, -38.59, -19.3, -31.03, -30.51, 
-22.55, -22.14, -25.6, -18.04, -21.29, -21.08, -20.64, -24.41, -12.16, 
-17.1, -21.13, -12.34, -16.43, -20.7, -21.18, -17.78, -21.57, -13.7, -12.27, 
-19.1, -19.85, -11.37, -20.7, -20.24, -16.4, -19.6, -21.63, -21.6, -21.77, 
-21.8, -21.05, -10.8, -17.9, -22.26, -22.33, -24.04, -20.4, -15, -27.87, 
-14.12, -23.61, -21.56, -21.19, -18.07, -26, -20.21, -28, -20.74, -31.8, 
-18.91, -20.45, -22.9, -18.11, -23.8, -23.42, -23.2, -12.93, -21.14, -19.13, 
-21.08, -20.07, -20.9, -25.04, -21.85, -19.34, -15.83, -23.73, -18.1, -22.12, 
-15.39, -16.21, -21.75, -22.1, -24.97, -19.36, -22.14, -21.48, -18.54, 
-21.62, -13.4, -15.5, -15.67, -21.78, -30.63, -15.7, -19.2, -19.7, -19.4, 
-15.85, -17.38, -24.33, -20.89, -18.97, -17.99, -15.8, -25.42, -21.6, -26.06, 
-17.56, -25.63, -25.46, -22.23, -21.55, -15.18, -13.79, -15.18, -18.78, 
-17.9, -18.5, -14.82, -15.65, -30.01, -13.16, -21.03, -21.4, -17.93, -20.87, 
-12.01, -19.1, -22.85, -17.08, -21.14, -12.23, -20.91, -11.38, -11.02, 
-22.09, -17.8, -18.94, -18.85, -21.91, -22.03, -18.1, -18.4, -21.2, -12, 
-11.7, -26.72, -24.39, -19.64, -21.35, -22.82, -38.28, -12.57, -22.24, 
-13.8, -21.07, -17.74, -23.87, -21.29, -22.2, -15.24, -17.82, -32.14, -19.3, 
-33.09, -20.18, -17.46, -17.44, -24.71, -21.53, -19.17, -28.05, -23.39, 
-22.33, -15.28, -20.27, -10.96, -21.52, -19.57, -23.08, -25.06, -17.85, 
-15.99, -20.56, -17.98, -18.4, -27.64, -20.99, -14.86, -29.33, -25.81, 
-14.1, -17.63, -23.47, -23.92, -20.88, -20.25, -19.33, -18.14, -22.41, 
-20.77, -17.95, -20.83, -27.84, -19.94, -23.6, -23.7, -30.39, -18.98, -27.89, 
-23.5, -23.73, -17.93, -35.94, -18.68, -23.47, -23.49, -23.85, -27.08, 
-20.88, -20.97, -21.71, -23.9, -15.78, -12.57, -19.69, -22.04, -17.99, 
-23.5, -21.4, -15.86, -23.95, -25.79, -23.75, -24.1, -18.56, -23.3, -17.03, 
-20.77, -28.1, -18.83, -23, -20.82, -22.95, -28.22, -27.99, -15.54, -12.37, 
-22.33, -22.7, -17.86, -16, -20.73, -15.45, -20.05, -17.95, -17.7, -25.93, 
-12.28, -20.13, -17.4, -21.59),