"sunspots" <-
structure(c(3.591667, 1.441667, 9.591667, 47.36666, 57.06666, 103.8916, 
80.57499, 63.60833, 37.64166, 26.13333, 14.24166, 5.775, 16.71666, 44.30833, 
63.89166, 69.04166, 77.79166, 64.96666, 35.66666, 21.225, 11.14166, 5.658333, 
8.716668, 36.05833, 79.73333, 114.4, 109.55, 88.75, 67.78333, 47.47499, 
30.6, 16.325, 9.591668, 33.09166, 92.50833, 149.8416, 136.1999, 135.1166, 
83.925, 69.75833, 31.40833, 13.85, 4.408333, 37.95, 141.7083, 189.85, 184.5916, 
158.75, 112.275, 53.9, 37.59999, 27.89166, 10.2, 15.05833, 46.875, 93.66666, 
105.8916, 105.5583, 104.6916, 66.65), .Tsp = c(1912, 1971, 1), class = "ts")
